     0/199     1.45G   0.06129   0.01227   0.02902    0.1026         8       640   0.03461    0.1285   0.02837   0.01209   0.07336  0.007187   0.02223
     1/199     6.29G   0.05575   0.01026   0.02611   0.09212         7       640    0.2098    0.0989   0.02409  0.006713   0.06734  0.006268   0.02219
     2/199     7.91G   0.05751   0.01023   0.02706   0.09479        11       640    0.6795   0.01852  0.009581  0.002577   0.06998  0.007061   0.02291
     3/199     7.91G   0.05796   0.01042   0.02731   0.09569         4       640   0.02139    0.1167  0.009804  0.002273    0.0692   0.00677   0.02125
     4/199     7.91G    0.0589  0.009975   0.02764   0.09651        12       640  0.004515   0.05799  0.002087 0.0004288   0.07256  0.006426   0.02095
     5/199     7.91G   0.05853  0.009956    0.0276   0.09608         4       640    0.8432  0.006173  0.001505 0.0002573   0.07069  0.007017   0.02381
     6/199     7.91G    0.0585   0.01029   0.02661    0.0954        14       640    0.2138   0.02112    0.0133  0.004483   0.07278  0.006238   0.02157
     7/199     7.91G   0.06008   0.01041   0.02695   0.09744         5       640   0.00368   0.09877  0.003068  0.000542   0.06708  0.007061   0.02166
     8/199     7.91G   0.05724   0.01103   0.02666   0.09493         5       640     0.204  0.008772  0.005482  0.001072   0.06661  0.006835   0.02077
     9/199     7.91G   0.05789   0.01085   0.02663   0.09537        18       640   0.02695     0.171   0.02337  0.005271   0.06524  0.006682   0.02141
    10/199     7.91G   0.05663   0.01085   0.02592    0.0934        10       640   0.03619    0.2194   0.01902  0.003944   0.06675  0.006618   0.02252
    11/199     7.91G   0.05478   0.01097   0.02574   0.09149        11       640   0.01656    0.1453   0.01299   0.00262   0.06452   0.00645    0.0214
    12/199     7.91G   0.05501   0.01063   0.02522   0.09085        11       640   0.02691       0.2   0.01641  0.003416   0.06247  0.006765   0.02219
    13/199     7.91G   0.05321   0.01112   0.02505   0.08938         8       640    0.7535   0.09713    0.0557   0.01624   0.06119  0.006511   0.02082
    14/199     7.91G   0.05489    0.0113    0.0258   0.09199         9       640   0.07144    0.1274   0.03666   0.01185   0.06131  0.006424   0.02143
    15/199     7.91G   0.05032   0.01123   0.02443   0.08598        16       640    0.2117   0.08025   0.03274  0.009149   0.05872  0.006878   0.02426
    16/199     7.91G    0.0531   0.01088   0.02458   0.08857         5       640    0.1741    0.2038   0.07276   0.01935    0.0603  0.006628   0.02175
    17/199     7.91G   0.05115   0.01104   0.02431    0.0865         8       640    0.1179    0.2309   0.07359    0.0213   0.05945  0.006688    0.0208
    18/199     7.91G   0.05126   0.01118    0.0244   0.08684         5       640   0.06219    0.1885   0.04101   0.01114   0.06048  0.006471   0.02068
    19/199     7.91G    0.0527   0.01141   0.02434   0.08845         8       640    0.2089   0.08025   0.03498  0.008709   0.06306  0.006606   0.02162
    20/199     7.91G   0.05203   0.01136   0.02416   0.08756         3       640   0.06202    0.1583   0.03624   0.01067   0.06183  0.006685   0.02223
    21/199     7.91G   0.04943    0.0113   0.02354   0.08427         8       640   0.07361    0.2136   0.05779   0.01549   0.06064  0.006593   0.02065
    22/199     7.91G   0.05161   0.01155   0.02404    0.0872        19       640    0.1598    0.2379   0.09719   0.03169   0.06096  0.006494   0.02006
    23/199     7.91G   0.05016   0.01125   0.02327   0.08468        11       640    0.8292    0.1049     0.128   0.04693   0.05871  0.006598   0.02035
    24/199     7.91G   0.05089   0.01133   0.02422   0.08643         4       640   0.07875    0.2889   0.07992   0.02378   0.06009  0.007267   0.02041
    25/199     7.91G   0.04971   0.01075   0.02346   0.08392        15       640    0.7472    0.1913    0.1397   0.04922   0.05946  0.006536   0.02023
    26/199     7.91G    0.0481   0.01104   0.02305   0.08219         6       640    0.1623    0.2091    0.1239    0.0382   0.06358  0.006357   0.02075
    27/199     7.91G   0.05025   0.01096   0.02358    0.0848        11       640    0.8125    0.1296    0.1356   0.04623   0.06078  0.006294   0.02036
    28/199     7.91G   0.04901    0.0109   0.02254   0.08244         9       640    0.1593    0.2384   0.08377   0.02433   0.06182  0.006765   0.02041
    29/199     7.91G    0.0515   0.01076   0.02355    0.0858         9       640     0.126    0.2238    0.1157   0.04464   0.06435  0.006528   0.02003
    30/199     7.91G   0.05076   0.01094   0.02324   0.08494         8       640    0.3816    0.2136    0.1598    0.0599   0.06106  0.006229    0.0217
    31/199     7.91G   0.05073   0.01076   0.02362    0.0851        10       640    0.1443    0.1967    0.1035   0.03281   0.05566  0.007103   0.02125
    32/199     7.91G   0.04937   0.01119   0.02306   0.08362        12       640    0.3875    0.2371    0.1568   0.06433   0.06153  0.006515   0.01911
    33/199     7.91G   0.05027    0.0109   0.02316   0.08434         5       640    0.0576    0.3266     0.044    0.0157   0.05762  0.007726    0.0345
    34/199     7.91G   0.04857   0.01121   0.02293    0.0827         6       640    0.8276    0.1735    0.1827   0.06772   0.05648  0.006379   0.02074
    35/199     7.91G   0.05007   0.01106   0.02263   0.08376         9       640    0.4289    0.1754    0.1715   0.07091   0.05969  0.006379   0.01929
    36/199     7.91G   0.04902   0.01078   0.02236   0.08216         6       640    0.4265    0.1785    0.1526   0.05097   0.05643    0.0063   0.01899
    37/199     7.91G    0.0487   0.01095   0.02233   0.08198         8       640    0.4055    0.2727    0.2062   0.06785   0.05956  0.006786   0.02395
    38/199     7.91G   0.04776   0.01097   0.02225   0.08098         4       640     0.208    0.1626    0.1313   0.04518   0.05672  0.006501   0.02044
    39/199     7.91G   0.04746   0.01076    0.0216   0.07983         9       640    0.1222    0.2603    0.1238   0.04029   0.05807  0.006546   0.01922
    40/199     7.91G    0.0483   0.01101   0.02245   0.08177         7       640    0.1826     0.147    0.1065   0.03425   0.05976  0.007139   0.02722
    41/199     7.91G   0.04762   0.01091   0.02205   0.08059        15       640    0.3458    0.2787    0.1843   0.07612   0.05785  0.006301    0.0177
    42/199     7.91G   0.04921   0.01097   0.02239   0.08256        11       640    0.5354    0.2052    0.2221   0.07432   0.05771  0.006827   0.02216
    43/199     7.91G   0.04752   0.01119   0.02178   0.08049        10       640    0.4711     0.202     0.206   0.07296   0.05581  0.006232   0.01791
    44/199     7.91G   0.04875   0.01106   0.02237   0.08217        16       640    0.3738    0.2389    0.1773   0.06945   0.05646  0.006385   0.01909
    45/199     7.91G   0.04782     0.011   0.02215   0.08097        10       640    0.4604     0.273     0.209   0.09083   0.05445  0.006348   0.01761
    46/199     7.91G   0.04774   0.01089    0.0217   0.08033        11       640    0.4179    0.2466    0.1619   0.06114   0.05542  0.006425   0.01874
    47/199     7.91G   0.04645   0.01052   0.02083    0.0778        11       640    0.3219      0.29    0.1596   0.05958   0.05824  0.006132   0.01832
    48/199     7.91G   0.04822   0.01083   0.02153   0.08057        14       640    0.5528    0.2276    0.2538    0.1019   0.05703  0.006087   0.01788
    49/199     7.91G   0.04616   0.01094   0.02113   0.07822         4       640    0.4086    0.2917    0.2385    0.1038   0.05781  0.006109   0.01745
    50/199     7.91G   0.04606   0.01083   0.02061    0.0775         6       640    0.4214    0.2213    0.1922    0.0708   0.05796  0.006143   0.01762
    51/199     7.91G   0.04793   0.01067    0.0214   0.07999        10       640    0.3844    0.1973    0.1641   0.06488   0.05574  0.006278   0.01793
    52/199     7.91G   0.04815   0.01102    0.0213   0.08047         9       640    0.4214    0.2825    0.2304   0.09714   0.05506  0.006002   0.01768
    53/199     7.91G   0.04717   0.01098   0.02113   0.07928        12       640    0.4365    0.2422    0.2251    0.1004   0.05616  0.006258   0.01763
    54/199     7.91G   0.04483   0.01079    0.0207   0.07633        12       640    0.3697    0.3272     0.254   0.09976   0.05716  0.006177   0.01797
    55/199     7.91G   0.04706   0.01063   0.02052   0.07821         4       640       0.4    0.2953    0.2615    0.1161   0.05676  0.006188   0.01717
    56/199     7.91G   0.04592    0.0108   0.02005   0.07677         6       640    0.5111    0.2498    0.2789    0.1079   0.05522  0.006189   0.01672
    57/199     7.91G   0.04687   0.01087   0.02104   0.07878         7       640    0.3877    0.2648    0.2221   0.09336   0.05772  0.006276   0.01724
    58/199     7.91G    0.0453   0.01075   0.02027   0.07632         4       640    0.5331    0.2673    0.2691    0.1194   0.05518  0.006135   0.01732
    59/199     7.91G   0.04544    0.0107   0.02015   0.07629        11       640    0.3901     0.314    0.2347   0.08372   0.05617  0.006101   0.01716
    60/199     7.91G   0.04508   0.01056   0.02007   0.07571         5       640    0.4584    0.2929    0.2914    0.1325   0.05621  0.005954   0.01771
    61/199     7.91G   0.04671   0.01108   0.02063   0.07841         7       640    0.4591    0.3166    0.2698    0.1073    0.0559  0.006208   0.01725
    62/199     7.91G   0.04737   0.01096   0.02096    0.0793         7       640    0.4747    0.2249     0.242    0.1066   0.05572  0.006176   0.01822
    63/199     7.91G   0.04655   0.01094   0.02062   0.07811         8       640    0.5228    0.2536    0.2741    0.1074   0.05583  0.006152   0.01829
    64/199     7.91G   0.04391    0.0108   0.01937   0.07409        13       640    0.4278    0.3447    0.3031    0.1244   0.05166  0.006129   0.01749
    65/199     7.91G   0.04532   0.01071   0.01966   0.07568         4       640    0.4511    0.3237    0.2992    0.1411   0.05341  0.006024   0.01678
    66/199     7.91G   0.04424   0.01085   0.02007   0.07516        14       640    0.4361    0.3095    0.2763    0.1091   0.05532   0.00631   0.01721
    67/199     7.91G   0.04484   0.01083    0.0192   0.07487        12       640    0.5471    0.2503    0.2788    0.1322   0.05231  0.006139    0.0164
    68/199     7.91G   0.04555   0.01076    0.0198   0.07611         9       640    0.5671    0.2603    0.3105    0.1271   0.05328  0.005989   0.01707
    69/199     7.91G   0.04479   0.01054   0.01959   0.07492         3       640    0.4599     0.357    0.2962    0.1321   0.05459   0.00622   0.01656
    70/199     7.91G   0.04503   0.01087   0.01981   0.07571         8       640    0.4896    0.2757    0.2864    0.1394    0.0546  0.006165   0.01682
    71/199     7.91G   0.04549   0.01055   0.01912   0.07517         9       640    0.5325    0.3175    0.3244    0.1414   0.05321  0.005893   0.01666
    72/199     7.91G   0.04594   0.01058   0.01969   0.07621        11       640    0.5372    0.3199    0.3264    0.1402   0.05115  0.006051   0.01661
    73/199     7.91G   0.04378   0.01079   0.01939   0.07395        10       640    0.5511    0.3273    0.3214    0.1393   0.05178  0.006106   0.01562
    74/199     7.91G   0.04529   0.01121     0.019    0.0755         9       640     0.444    0.2827    0.2652    0.1163   0.05482  0.006171   0.01614
    75/199     7.91G   0.04498   0.01086    0.0192   0.07503         9       640    0.5452     0.253    0.3239    0.1476   0.05294  0.005981   0.01551
    76/199     7.91G   0.04523   0.01054   0.01915   0.07492         6       640     0.419    0.3214    0.2962    0.1222   0.05501  0.005977    0.0156
    77/199     7.91G   0.04352   0.01091   0.01907    0.0735        10       640    0.5831    0.2776     0.325    0.1358   0.05287  0.005992    0.0163
    78/199     7.91G   0.04376    0.0106   0.01877   0.07313         5       640    0.4001    0.3385    0.2514    0.1028   0.05257  0.006163   0.01634
    79/199     7.91G   0.04467   0.01067   0.01872   0.07407         3       640    0.4762    0.3231    0.2969     0.127   0.05091   0.00607    0.0153
    80/199     7.91G   0.04487   0.01057   0.01834   0.07379         8       640    0.5201    0.3152    0.3237    0.1526   0.05124  0.006019   0.01564
    81/199     7.91G   0.04639   0.01055   0.01892   0.07586         6       640    0.5185    0.3863    0.3505    0.1468   0.05034  0.005992   0.01538
    82/199     7.91G   0.04331    0.0107   0.01827   0.07228         5       640    0.4746    0.3568    0.3355    0.1426   0.05066  0.005934   0.01595
    83/199     7.91G   0.04357    0.0104   0.01818   0.07215        13       640    0.5209    0.3682    0.3399      0.15   0.05004  0.005929   0.01514
    84/199     7.91G   0.04548   0.01053   0.01837   0.07438         9       640    0.5263    0.3731    0.3637    0.1603   0.04942  0.005881   0.01559
    85/199     7.91G   0.04424   0.01047    0.0184    0.0731         6       640    0.4593    0.3909    0.3146    0.1418   0.05146  0.005966    0.0153
    86/199     7.91G   0.04302   0.01061   0.01862   0.07226        14       640    0.5108    0.3545    0.3017    0.1273   0.05066  0.006081   0.01561
    87/199     7.91G   0.04464   0.01031   0.01878   0.07372         7       640    0.4395     0.309    0.2976    0.1308   0.05274  0.006281   0.01589
    88/199     7.91G    0.0442   0.01056   0.01843   0.07319        10       640    0.6482    0.3135     0.362    0.1478   0.04886  0.005995   0.01501
    89/199     7.91G   0.04451   0.01076   0.01769   0.07297         7       640    0.5032    0.3581    0.3219    0.1408   0.05184  0.006015   0.01544
    90/199     7.91G   0.04473   0.01059    0.0183   0.07362         9       640    0.4869     0.436    0.3728    0.1572   0.04903  0.005886   0.01483
    91/199     7.91G   0.04394   0.01076   0.01812   0.07283         5       640    0.4739    0.4449    0.3589    0.1445   0.04963  0.006017   0.01496
    92/199     7.91G   0.04395   0.01064   0.01858   0.07317        10       640    0.4921    0.3805    0.3681    0.1529   0.05091  0.006079   0.01446
    93/199     7.91G   0.04222   0.01058   0.01724   0.07005        10       640    0.6457    0.3648    0.4012    0.1688   0.05184  0.005865   0.01422
    94/199     7.91G   0.04351   0.01037   0.01754   0.07142        12       640    0.5233    0.4456    0.3888    0.1651   0.05124  0.005873   0.01379
    95/199     7.91G   0.04354   0.01075   0.01847   0.07277         4       640    0.6028    0.3595     0.386    0.1543   0.05132  0.005805   0.01445
    96/199     7.91G   0.04369   0.01062   0.01728   0.07159         5       640    0.5504    0.4179    0.3644     0.155   0.05042   0.00587   0.01438
    97/199     7.91G   0.04308   0.01062   0.01795   0.07165         9       640    0.6195    0.3715    0.4021    0.1669    0.0496  0.005883    0.0141
    98/199     7.91G   0.04306   0.01082   0.01745   0.07134         3       640    0.6089    0.3772    0.3866    0.1501   0.05032  0.005939   0.01451
    99/199     7.91G   0.04267   0.01061   0.01762    0.0709         6       640    0.6189    0.3667    0.3974    0.1742   0.04931  0.005754   0.01484
   100/199     7.91G   0.04415    0.0106   0.01784    0.0726        13       640    0.6077    0.3079    0.3447    0.1453   0.05283  0.006154   0.01462
   101/199     7.91G   0.04305    0.0103   0.01685    0.0702         7       640    0.5746    0.4114    0.4162    0.1736   0.05137   0.00574   0.01383
   102/199     7.91G   0.04285   0.01063   0.01671    0.0702        10       640    0.6936    0.3552     0.423    0.1894   0.05101  0.005852   0.01411
   103/199     7.91G   0.04367   0.01058    0.0179   0.07215         6       640    0.5918    0.4288    0.4297    0.1638   0.05086  0.005935   0.01465
   104/199     7.91G    0.0424    0.0106   0.01691   0.06991        11       640    0.6188    0.4201    0.4221    0.1831   0.04763  0.006031   0.01388
   105/199     7.91G   0.04332   0.01081   0.01735   0.07148        10       640    0.6611     0.375     0.403     0.169   0.04867  0.005999   0.01368
   106/199     7.91G   0.04355   0.01063   0.01691   0.07108         6       640     0.584    0.4107    0.4282    0.1693   0.04812   0.00592   0.01383
   107/199     7.91G   0.04057   0.01057   0.01627   0.06741         7       640    0.6351    0.3339    0.3923    0.1765   0.04981  0.005892    0.0133
   108/199     7.91G   0.04127   0.01049   0.01665   0.06841         4       640    0.5726    0.4064    0.4178    0.1692   0.05108  0.005728   0.01319
   109/199     7.91G   0.04248   0.01075   0.01664   0.06987         3       640    0.5967    0.4306     0.418    0.1824   0.05127  0.005801   0.01302
   110/199     7.91G   0.04351   0.01034   0.01709   0.07094         3       640    0.6638    0.3198    0.3721    0.1559   0.05132  0.005913   0.01409
   111/199     7.91G   0.04222   0.01038   0.01633   0.06893        11       640    0.6187    0.3839    0.4237    0.1831    0.0519  0.005877   0.01374
   112/199     7.91G   0.04028   0.01039   0.01645   0.06712         1       640    0.6232    0.4388    0.4397    0.1842   0.05081  0.005824   0.01319
   113/199     7.91G   0.04316   0.01035   0.01731   0.07083         9       640    0.7226     0.408    0.4532     0.216    0.0492  0.005856   0.01337
   114/199     7.91G   0.04131   0.01044   0.01637   0.06812         4       640    0.6457    0.4507      0.45    0.1961   0.05067  0.005904   0.01403
   115/199     7.91G   0.04209   0.01012   0.01687   0.06907         3       640    0.6745    0.3947    0.4484    0.1959   0.05077  0.005656   0.01349
   116/199     7.91G   0.04266   0.01015   0.01708   0.06988         6       640    0.6483    0.3808    0.4166    0.1892   0.05033  0.005745   0.01366
   117/199     7.91G    0.0425   0.01024   0.01665   0.06939         9       640    0.5931    0.4253    0.4064    0.1688   0.05042  0.005923   0.01325
   118/199     7.91G   0.04362   0.01045   0.01667   0.07074        12       640    0.5468    0.4238    0.3852    0.1712     0.052  0.005957   0.01352
   119/199     7.91G   0.04147   0.01016   0.01614   0.06777         6       640    0.5859    0.4654    0.4549    0.1933   0.05187   0.00571   0.01283
   120/199     7.91G   0.04103   0.01028   0.01628   0.06759        10       640     0.546    0.4673    0.4345    0.2096   0.05217  0.005737    0.0128
   121/199     7.91G   0.04196   0.01055   0.01675   0.06926        15       640    0.5296    0.4779    0.4223    0.1791   0.05217  0.005851   0.01267
   122/199     7.91G    0.0407   0.01037   0.01631   0.06738         7       640    0.6104     0.458    0.4334    0.2021   0.05048  0.005787   0.01285
   123/199     7.91G   0.04128   0.01031     0.016   0.06759        16       640    0.6591    0.4511    0.4766    0.2096    0.0507  0.005881    0.0125
   124/199     7.91G   0.04161   0.01012    0.0162   0.06793        10       640     0.717    0.3853    0.4681     0.222   0.04968  0.005747   0.01245
   125/199     7.91G   0.04122   0.01034   0.01628   0.06784        13       640    0.7005    0.4449    0.4829    0.2245   0.04926   0.00576    0.0128
   126/199     7.91G   0.04051   0.01025   0.01571   0.06646        14       640    0.5617    0.5095    0.4593     0.198   0.05082  0.005716   0.01243
   127/199     7.91G   0.04289    0.0101   0.01641   0.06941         6       640    0.6086    0.4762    0.4692    0.1976    0.0493  0.005688   0.01236
   128/199     7.91G   0.04174   0.01003   0.01635   0.06812         5       640    0.6195     0.406    0.4389     0.194   0.04963  0.005676   0.01271
   129/199     7.91G   0.03881   0.01023   0.01563   0.06468         9       640    0.5978    0.4884    0.4707    0.2168   0.04898  0.005725   0.01247
   130/199     7.91G   0.04154   0.01044   0.01584   0.06782        14       640    0.6747    0.4878    0.4952    0.2241    0.0489  0.005853   0.01276
   131/199     7.91G   0.04193   0.01029   0.01606   0.06828        13       640    0.5921    0.5022    0.4759    0.2154   0.04921  0.005884   0.01209
   132/199     7.91G   0.04205  0.009962   0.01564   0.06766         7       640    0.5922    0.4838    0.5017    0.2288   0.04966  0.005735   0.01173
   133/199     7.91G   0.04139   0.01008   0.01527   0.06674        13       640    0.6651    0.4718    0.4886    0.2298    0.0492  0.005771   0.01168
   134/199     7.91G   0.04149   0.01024   0.01581   0.06754        15       640    0.6363    0.4113    0.4579    0.2122   0.04937   0.00575   0.01245
   135/199     7.91G   0.04157   0.01011   0.01528   0.06696         6       640    0.6443     0.456    0.4986    0.2324   0.04963   0.00575   0.01248
   136/199     7.91G    0.0402   0.01027    0.0152   0.06567         8       640    0.6343    0.5383    0.5142    0.2393   0.04984  0.005621   0.01209
   137/199     7.91G    0.0406   0.01022   0.01511   0.06593         8       640    0.5942    0.5507    0.5038    0.2309     0.049  0.005686   0.01213
   138/199     7.91G   0.04098   0.01021   0.01548   0.06668        10       640    0.5941    0.5345    0.4914    0.2403   0.04932  0.005823   0.01215
   139/199     7.91G   0.03984   0.01012   0.01494    0.0649         5       640     0.596    0.4773    0.4809     0.201   0.05029   0.00584   0.01252
   140/199     7.91G   0.03986   0.01029    0.0144   0.06455         7       640    0.7111    0.4332    0.4729    0.2081   0.05016  0.005912   0.01254
   141/199     7.91G    0.0396    0.0102   0.01459   0.06439        10       640    0.7021    0.4924    0.5177    0.2393   0.05021   0.00578   0.01185
   142/199     7.91G   0.03856    0.0102   0.01402   0.06278         2       640    0.6927     0.472    0.5074    0.2198   0.04936  0.005822   0.01194
   143/199     7.91G   0.03988   0.01037   0.01501   0.06526        14       640    0.6689    0.4838    0.4937    0.2146   0.04805  0.005731   0.01233
   144/199     7.91G   0.03904   0.01009   0.01463   0.06376        10       640    0.6758    0.4639    0.5096    0.2194   0.04925  0.005795   0.01161
   145/199     7.91G   0.03984   0.01015   0.01516   0.06514        20       640    0.7187    0.4404    0.5046    0.2227   0.04877  0.005764   0.01189
   146/199     7.91G   0.04021   0.01021   0.01479   0.06521         7       640    0.6984     0.452    0.4777    0.2084   0.04934  0.005744   0.01178
   147/199     7.91G   0.04091   0.01013    0.0146   0.06565         6       640    0.5857    0.5098    0.4933    0.2247   0.04881  0.005676   0.01198
   148/199     7.91G    0.0396   0.01018   0.01476   0.06454        10       640    0.6251     0.535    0.5237    0.2469   0.04881  0.005693   0.01179
   149/199     7.91G   0.03791  0.009683   0.01398   0.06157         9       640    0.6849    0.4413     0.492     0.233   0.04888  0.005671   0.01164
   150/199     7.91G   0.04038   0.01014   0.01426   0.06478         6       640     0.706    0.4357    0.5118    0.2391   0.04911  0.005651   0.01182
   151/199     7.91G   0.04021   0.01002     0.014   0.06424        15       640     0.643    0.4869    0.5038    0.2283   0.04884  0.005749   0.01164
   152/199     7.91G   0.03863   0.01029   0.01437   0.06329         6       640    0.6825    0.4941    0.5045    0.2323   0.04856  0.005769   0.01176
   153/199     7.91G   0.03972  0.009774    0.0149   0.06439         6       640    0.7498    0.4655    0.5135    0.2345   0.04864  0.005732   0.01174
   154/199     7.91G   0.03991   0.01025   0.01426   0.06442        12       640    0.5917    0.5275    0.5115    0.2292   0.04859  0.005784   0.01153
   155/199     7.91G   0.03982   0.01025    0.0142   0.06427         7       640    0.7145    0.4479    0.5176    0.2285   0.04843  0.005919   0.01154
   156/199     7.91G   0.04076   0.01011   0.01457   0.06544        14       640    0.6055    0.5365    0.5047    0.2274   0.04858  0.005767   0.01149
   157/199     7.91G    0.0401   0.01007   0.01443    0.0646         6       640    0.6934      0.45    0.5097    0.2322   0.04776  0.005783   0.01167
   158/199     7.91G    0.0389   0.01011   0.01394   0.06296        13       640    0.6984    0.4884    0.5152    0.2407   0.04862  0.005815   0.01183
   159/199     7.91G    0.0391   0.01013   0.01444   0.06366        10       640    0.7317     0.472    0.5155    0.2393   0.04962  0.005686   0.01165
   160/199     7.91G   0.03851   0.01001   0.01393   0.06245         8       640    0.6726    0.4786    0.5291     0.245   0.04959  0.005701   0.01156
   161/199     7.91G   0.03922   0.00979   0.01409    0.0631         5       640    0.6757      0.52    0.5308    0.2537   0.04998  0.005704    0.0115
   162/199     7.91G   0.03996   0.01007   0.01456    0.0646        14       640    0.7121    0.4707    0.5255    0.2403   0.04909  0.005775    0.0119
   163/199     7.91G   0.03983   0.01022   0.01469   0.06473         8       640    0.7044    0.4721    0.5249    0.2387   0.04898  0.005714   0.01155
   164/199     7.91G   0.03979  0.009841   0.01392   0.06355         7       640    0.7296    0.4647    0.5186    0.2533   0.04907   0.00569   0.01149
   165/199     7.91G   0.03859  0.009873   0.01404   0.06251        12       640    0.7165    0.4503    0.5214    0.2457   0.04884   0.00575   0.01159
   166/199     7.91G   0.03895  0.009762    0.0143   0.06302         6       640    0.6416    0.5304    0.5207    0.2475   0.04969  0.005637   0.01172
   167/199     7.91G   0.03948  0.009949   0.01371   0.06314         9       640    0.7492    0.4851    0.5382    0.2408   0.04912  0.005732   0.01162
   168/199     7.91G   0.03829  0.009996   0.01342    0.0617        11       640    0.6876    0.5074    0.5243    0.2505   0.04889  0.005734   0.01139
   169/199     7.91G   0.03968  0.009817   0.01344   0.06293         7       640    0.6706    0.4901    0.4965    0.2414   0.04831  0.005751   0.01152
   170/199     7.91G    0.0381   0.01024   0.01426   0.06261         7       640    0.6821    0.5437     0.514    0.2513   0.04828  0.005749   0.01132
   171/199     7.91G   0.03956  0.009892   0.01353   0.06297         8       640    0.6749    0.5309    0.5221     0.237   0.04866   0.00575   0.01128
   172/199     7.91G   0.03815   0.00972    0.0137   0.06158        12       640    0.7051    0.5146    0.5306    0.2609   0.04814  0.005751   0.01154
   173/199     7.91G    0.0405   0.00982   0.01333   0.06365        12       640    0.7286    0.5214    0.5425    0.2559   0.04783  0.005742   0.01153
   174/199     7.91G   0.03924   0.01003   0.01414   0.06341        11       640    0.7356    0.5173    0.5412    0.2615   0.04761  0.005657   0.01125
   175/199     7.91G   0.03918   0.01007   0.01387   0.06313         5       640    0.7424    0.5189    0.5388    0.2593     0.048  0.005656   0.01145
   176/199     7.91G   0.03945   0.01022    0.0136   0.06326        18       640    0.7032     0.531    0.5413    0.2447    0.0484  0.005635   0.01159
   177/199     7.91G    0.0387   0.01002   0.01356   0.06228        17       640    0.6866    0.5388    0.5382    0.2535   0.04762  0.005768   0.01115
   178/199     7.91G   0.03863   0.01013   0.01309   0.06185         7       640    0.7102    0.4586    0.5185    0.2483   0.04762  0.005694   0.01108
   179/199     7.91G   0.03743  0.009711   0.01239   0.05953        12       640    0.7568    0.4575    0.5292    0.2525     0.048  0.005785   0.01092
   180/199     7.91G   0.03921   0.01001   0.01359   0.06281         8       640    0.7475    0.4791    0.5343    0.2603   0.04817  0.005844   0.01115
   181/199     7.91G   0.03815  0.009889   0.01353   0.06157        10       640    0.7522      0.48    0.5275    0.2484   0.04861  0.005767   0.01127
   182/199     7.91G   0.03883  0.009797   0.01342   0.06205         9       640    0.7115    0.4822    0.5388    0.2527   0.04862  0.005719   0.01107
   183/199     7.91G      0.04  0.009941   0.01419   0.06413        16       640    0.7164    0.4861    0.5401     0.253   0.04863  0.005724   0.01098
   184/199     7.91G   0.03819   0.01003   0.01354   0.06176         8       640     0.717    0.5249    0.5625    0.2595   0.04872   0.00569   0.01083
   185/199     7.91G   0.03899  0.009932   0.01378   0.06271        12       640    0.7483     0.504    0.5439    0.2484   0.04836  0.005733   0.01086
   186/199     7.91G   0.03869   0.01015   0.01365   0.06249         4       640    0.7687    0.4739    0.5369    0.2535   0.04766   0.00581   0.01092
   187/199     7.91G   0.03906  0.009739   0.01305   0.06185         3       640    0.7096    0.5187     0.534    0.2439   0.04725  0.005832   0.01111
   188/199     7.91G   0.03989  0.009914   0.01375   0.06355        12       640    0.6901    0.5259    0.5204    0.2427   0.04778  0.005744   0.01109
   189/199     7.91G   0.03948  0.009849   0.01322   0.06255        10       640    0.6669    0.5426    0.5239     0.242   0.04769   0.00571   0.01095
   190/199     7.91G    0.0384  0.009865   0.01312   0.06139         7       640    0.6295    0.5347    0.5142    0.2424   0.04805   0.00575   0.01106
   191/199     7.91G   0.03806  0.009905   0.01334    0.0613        10       640    0.6977    0.5184    0.5466    0.2581   0.04788  0.005725   0.01105
   192/199     7.91G   0.03868   0.01003   0.01329     0.062         7       640    0.6465    0.5573    0.5334    0.2523   0.04806  0.005715   0.01113
   193/199     7.91G   0.03809   0.01006    0.0128   0.06096        10       640    0.6826    0.5335    0.5325    0.2552   0.04815  0.005788   0.01094
   194/199     7.91G   0.03711  0.009988   0.01274   0.05984         9       640    0.6847    0.5106    0.5071    0.2461   0.04809   0.00576   0.01074
   195/199     7.91G   0.03902   0.01006   0.01325   0.06232         3       640    0.6791    0.5111     0.503    0.2375   0.04769  0.005775   0.01097
   196/199     7.91G    0.0393   0.01025   0.01295   0.06251        15       640    0.6075    0.5325    0.5053    0.2263   0.04757  0.005814   0.01108
   197/199     7.91G   0.03856   0.01012   0.01338   0.06206        17       640    0.7166    0.5012    0.5262      0.25   0.04707   0.00578   0.01081
   198/199     7.91G   0.03804  0.009966   0.01339    0.0614         8       640    0.5233    0.5678    0.5239    0.2579   0.04722  0.005765   0.01101
   199/199     7.91G   0.03857  0.009926   0.01286   0.06136        16       640     0.726    0.4571    0.5254    0.2542   0.04857   0.00578   0.01112
